   1            "@"    1  329.521545 559.044617 370.688751
   2            "a"    5  773.712646 1208.166260 2223.327881
   3            "b"    2  1155.200073 978.217468 857.144470
   4            "c"  138  448.574310 395.182922 255.612411
   5            "d"  375  811.197754 935.339722 969.647400
   6            "e"   26  355.956696 351.423279 599.651184
   7            "f"   84  460.392700 185.948761 110.782204
   8            "g"  379  879.347717 602.534058 580.505920
   9            "h"  470  663.921997 1459.901978 1272.873657
  10            "i"    0  587.196716 796.299316 1593.408813
  11            "j"  169  862.950928 731.177307 326.637054
  12            "k"  231  463.703339 347.528656 248.856796
  13         "t+aw"  332  567.842102 1258.542725 1830.284424
  14            "l"    0  266.034760 222.802948 197.674713
  15            "m"    0  576.818665 437.607361 218.020706
  16            "n"    0  170.286118 2013.808105 1826.514282
  17            "o"   25  312.221771 649.429932 422.125854
  18            "p"   42  459.651489 1038.271362 773.693665
  19            "r"  143  327.471191 991.027039 694.571899
  20            "s"    0  1269.253296 948.273926 784.855896
  21            "t"  236  793.358521 316.291016 368.591553
  22            "u"    1  371.318787 437.309326 811.856750
  23            "v"    2    2.194250   2.194248   2.228898
  24            "w"   45  179.465958 196.944611 109.748108
  25            "y"  207  585.913452 487.250427 479.022308
  26            "z"    4   19.960407  16.768612  37.334576
  27        "k-b+a"  494  1155.200073 978.217468 857.144470
  28        "u-r+a"  671  978.454102 991.027039 970.820312
  29        "u-s+a"  332  1104.771973 1731.426758 744.665283
  30        "u-s+t"   44  1104.771973 1731.426758 784.855896
  31       "s-a+ng"   12  524.535706 229.667007 448.775726
  32       "s-a+ny"   40  524.535706 596.741638 696.171814
  33         "t-aw"   80  177.780823 176.293701 228.389801
  34         "t-ay"  108  448.665833 432.581665 348.731476
  35        "k-d+i"  343  681.003662 935.339722 969.647400
  36        "u-t+a"  417  1103.851440 1258.542725 1830.284424
  37        "d-@+e"   41  329.521545 559.044617 153.046402
  38        "d-@+g"   60  329.521545 559.044617 370.688751
  39        "d-@+m"  119  329.521545 559.044617 351.859528
  40        "k-e+b"    2  120.620216 299.136780 227.286423
  41        "k-e+r"    1  120.620216 299.136780 149.231201
  42           "kh"   18   41.275230  73.661232  59.459259
  43           "ng"  365  991.283691 863.323303 519.267700
  44           "ny"  130  543.265747 579.579224 570.260193
  45           "ow"    2    8.447120   8.446918  14.211635
  46           "sp" 4794  29827.574219
  47           "sy"    3   19.824015  10.176633  45.024517
  48        "u-w+a"   33  179.465958 196.944611 157.628601
  49        "k-h+a"  145  336.143127 591.187012 236.697266
  50        "k-i+k"    6  518.309998 176.218948 472.248993
  51        "k-i+l"    2  518.309998 241.523346 213.424973
  52        "k-i+n"   25  518.309998 395.486053 466.381744
  53        "k-i+r"   12  518.309998 241.523346 466.381744
  54        "k-i+t"   76  518.309998 176.218948 693.411804
  55       "h-o+ng"    9  288.935303 649.429932 145.709518
  56         "ay-l"   69  936.714539 766.780334 197.674713
  57         "ay-n"  609  1120.370239 2013.808105 1826.514282
  58       "u-a+ng"   22  560.948669 378.806427 448.775726
  59       "u-a+ny"   59  370.140503 994.691956 696.171814
  60        "k-k+a"  567  1385.148926 999.765198 1344.088257
  61        "k-l+a"  507  936.714539 766.780334 802.792969
  62        "k-m+a"  418  997.589600 1300.152710 1313.937500
  63         "l+ay"  150  266.034760 222.802948 802.792969
  64        "k-o+k"   38  288.935303 649.429932 339.851227
  65        "k-o+l"   18  288.935303 357.951447 257.177338
  66        "k-o+n"    7  288.935303 357.951447 163.443298
  67        "k-o+p"   24  288.935303 649.429932 422.125854
  68        "k-o+t"    5  288.935303 118.569611 257.177338
  69        "k-p+e"  527  1315.358765 1038.271362 773.693665
  70        "a-a+f"    3  560.948669 994.691956 445.772308
  71        "a-a+l"   66  560.948669 603.284241 591.624756
  72        "a-a+n"  105  560.948669 347.641663 1006.679749
  73        "a-a+p"   25  370.140503 583.695923 785.586243
  74        "a-a+t"   69  370.140503 466.682983 1503.191406
  75       "ny-@+n"    0  329.521545 559.044617 351.859528
  76       "ny-@+r"   31  329.521545 559.044617 339.222290
  77        "a-b+a"  145  581.995544 978.217468 857.144470
  78        "k-t+@"   83  247.183716 136.844040 1830.284424
  79        "k-u+a"   34  564.613281 312.931549 162.347061
  80        "k-u+k"    9  564.613281 350.464539 390.666382
  81        "k-u+l"   43  564.613281 312.931549 328.630035
  82        "k-u+m"    2  564.613281 312.931549 306.723236
  83        "k-u+s"   13  564.613281 312.931549 134.791519
  84        "k-u+t"   23  564.613281 350.464539 300.080261
  85       "s-@+ng"   48  246.028137 138.688187 171.401001
  86        "n-a+a"   19  568.055420 378.382355 696.171814
  87        "n-a+k"   40  568.055420 227.589523 785.586243
  88        "n-a+l"    4  568.055420 603.284241 591.624756
  89        "n-a+m"   10  568.055420 378.806427 340.648590
  90        "n-a+n"   37  568.055420 618.680664 1006.679749
  91        "n-a+r"   17  568.055420 621.034912 453.641571
  92        "n-a+s"    7  568.055420 464.628571 445.772308
  93        "n-a+t"    5  568.055420 466.682983 785.586243
  94       "l-o+ng"   49  355.354370 649.429932 145.709518
  95        "n-b+a"    0  581.995544 978.217468 857.144470
  96        "a-i+k"   22  443.596375 500.284424 472.248993
  97        "a-i+n"   20  443.596375 395.486053 466.381744
  98       "y-a+ng"  120  162.829117 158.335846 180.599472
  99       "y-a+ny"   12  890.245117 994.691956 235.891647
 100        "a-j+a"  134  862.950928 731.177307 337.575226
 101        "n-e+b"   44  239.541519 127.581871 227.286423
 102        "n-e+n"   34  239.541519 205.216446 183.110168
 103        "a-l+k"    5  936.714539 115.066635 802.792969
 104        "a-m+b"   49  997.589600 157.458145 218.152557
 105        "a-m+p"   74  997.589600 437.607361 218.152557
 106        "a-n+a"  457  672.277588 980.227783 856.303650
 107        "a-n+b"   72  1120.370239 2013.808105 140.036148
 108        "a-n+g"   10  672.277588 2013.808105 140.036148
 109        "a-n+k"   24  672.277588 116.442665 435.242889
 110        "a-n+p"    1  1120.370239 2013.808105 435.242889
 111        "a-n+s"    6  1120.370239 980.227783 856.303650
 112        "a-n+t"  126  1120.370239 311.203094 435.242889
 113        "n-i+a"  154  433.668365 695.637024 779.846680
 114        "n-i+k"    4  433.668365 500.284424 472.248993
 115        "n-i+l"    5  433.668365 241.523346 213.424973
 116        "n-i+n"   16  433.668365 395.486053 466.381744
 117        "n-i+s"    9  433.668365 695.637024 191.897141
 118        "n-i+t"    8  433.668365 454.028870 693.411804
 119        "t-@+b"    6  186.006775 206.491959 370.688751
 120        "t-@+l"    7  186.006775 206.491959 158.102844
 121        "t-@+m"   50  186.006775 206.491959 171.401001
 122        "t-@+o"    1  186.006775 206.491959 153.046402
 123        "t-@+r"   85  186.006775 206.491959 339.222290
 124        "n-k+@"   50  1337.449707 103.961166 1344.088257
 125        "a-r+b"   86  978.454102 991.027039 694.571899
 126        "n-o+l"   17  355.354370 357.951447 257.177338
 127        "n-o+n"   26  355.354370 357.951447 163.443298
 128        "n-o+s"   30  355.354370 118.569611 257.177338
 129        "a-u+d"   34  371.318787 350.464539 300.080261
 130        "a-u+h"   33  371.318787 437.309326 449.253845
 131        "a-u+t"    0  371.318787 350.464539 300.080261
 132        "d-a+@"   57  620.711609 483.149841 696.171814
 133        "d-a+g"    1  620.711609 265.305847 682.659363
 134        "d-a+k"   23  620.711609 483.149841 575.627380
 135        "d-a+l"   22  620.711609 603.284241 591.624756
 136        "d-a+m"    3  620.711609 378.806427 340.648590
 137        "d-a+n"   41  620.711609 347.641663 1006.679749
 138        "d-a+p"   12  620.711609 483.149841 785.586243
 139        "d-a+r"   29  620.711609 107.790588 453.641571
 140        "d-a+s"    5  620.711609 464.628571 445.772308
 141        "d-a+y"    4  620.711609 107.790588 167.747986
 142       "d-ny+a"   84  307.734650 579.579224 570.260193
 143        "a-y+a"  111  361.959656 291.174744 391.027435
 144        "n-t+@"  126  219.509842 194.972916 1830.284424
 145        "d-e+a"   22  128.892975 311.544800 599.651184
 146        "d-e+g"   19  128.892975 311.544800 227.286423
 147        "d-e+r"   10  128.892975 311.544800 149.231201
 148        "@-a+d"   67  159.336060 200.496582 314.297119
 149        "n-u+h"   34  332.174683 437.309326 449.253845
 150        "n-u+n"   59  332.174683 286.124146 328.630035
 151        "n-u+s"    9  332.174683 350.464539 134.791519
 152         "m+aw"  357  576.818665 782.424683 1313.937500
 153        "d-i+a"   58  425.775177 383.688660 313.615997
 154        "d-i+b"   12  425.775177 500.284424 384.130554
 155        "d-i+k"   13  425.775177 500.284424 472.248993
 156        "d-i+l"    7  425.775177 383.688660 213.424973
 157        "d-i+m"    5  425.775177 395.486053 384.130554
 158        "d-i+n"    4  425.775177 395.486053 466.381744
 159        "d-i+r"   16  425.775177 383.688660 466.381744
 160        "d-i+s"   16  425.775177 201.524216 191.897141
 161        "d-i+t"    4  425.775177 454.028870 693.411804
 162        "@-e+t"    4  355.956696 311.544800 227.286423
 163        "j-@+l"   12  329.521545 559.044617 158.102844
 164       "c-u+ng"   24  371.318787 408.648102 306.723236
 165       "ny-a+k"   29  370.140503 583.695923 1503.191406
 166       "ny-a+r"    0  560.948669 621.034912 453.641571
 167        "d-o+a"   38  355.354370 649.429932 422.125854
 168        "d-o+k"    9  355.354370 649.429932 339.851227
 169       "ny-e+l"    2  355.956696 311.544800 149.231201
 170        "d-u+a"   18  332.174683 286.124146 449.253845
 171        "d-u+g"    2  161.472641 286.124146 224.904007
 172        "d-u+k"    2  161.472641 286.124146 390.666382
 173        "d-u+p"   10  332.174683 286.124146 390.666382
 174        "d-u+t"    4  332.174683 286.124146 300.080261
 175        "g-a+b"    3  465.220917 200.496582 682.659363
 176        "g-a+g"    3  465.220917 265.305847 682.659363
 177        "g-a+j"    2  465.220917 994.691956 696.171814
 178        "g-a+k"   29  465.220917 483.149841 1503.191406
 179        "g-a+l"    9  465.220917 603.284241 591.624756
 180        "g-a+m"    8  465.220917 378.806427 340.648590
 181        "g-a+n"    8  465.220917 347.641663 1006.679749
 182        "g-a+p"    3  465.220917 483.149841 785.586243
 183        "g-a+r"    3  465.220917 621.034912 453.641571
 184        "g-a+s"   11  465.220917 464.628571 445.772308
 185        "g-a+y"    3  465.220917 163.901733 167.747986
 186       "b-i+ng"   10  364.333740 395.486053 201.242447
 187        "g-e+l"    4  120.620216 311.544800 149.231201
 188        "t-a+b"    1  745.350769 200.496582 682.659363
 189        "t-a+d"    3  745.350769 200.496582 314.297119
 190        "t-a+g"    2  745.350769 265.305847 682.659363
 191        "t-a+h"   38  745.350769 596.741638 696.171814
 192        "t-a+k"   16  745.350769 583.695923 575.627380
 193        "t-a+l"    2  745.350769 222.639786 591.624756
 194        "t-a+m"   10  745.350769 229.667007 340.648590
 195        "t-a+n"   16  745.350769 548.002380 1006.679749
 196        "t-a+p"   47  745.350769 583.695923 785.586243
 197        "t-a+r"   38  745.350769 621.034912 453.641571
 198        "t-a+s"    9  745.350769 464.628571 445.772308
 199        "t-a+t"    5  745.350769 466.682983 575.627380
 200        "t-a+y"    1  745.350769 163.901733 167.747986
 201        "g-i+a"   11  258.599915 383.688660 313.615997
 202        "g-i+b"    1  258.599915 500.284424 384.130554
 203        "g-i+l"    3  258.599915 383.688660 213.424973
 204        "g-i+m"   19  258.599915 395.486053 384.130554
 205        "g-i+n"    2  258.599915 395.486053 466.381744
 206        "g-i+t"   32  258.599915 454.028870 693.411804
 207          "@-m"   84  997.589600 437.607361 218.020706
 208          "@-s"  158  1104.771973 948.273926 784.855896
 209        "m-@+d"    1  163.744949 294.752167 370.688751
 210        "m-@+l"    7  163.744949 294.752167 158.102844
 211        "m-@+m"   99  163.744949 294.752167 351.859528
 212        "m-@+r"   39  163.744949 294.752167 208.761993
 213        "t-e+n"   12  128.892975 311.544800 183.110168
 214       "d-i+ng"    4  425.775177 395.486053 201.242447
 215        "t-i+a"   21  518.309998 209.416565 449.339325
 216        "t-i+d"   32  518.309998 500.284424 384.130554
 217        "t-i+k"   11  518.309998 500.284424 472.248993
 218        "t-i+m"    1  518.309998 395.486053 384.130554
 219        "t-i+s"    3  518.309998 201.524216 191.897141
 220        "t-i+t"    1  518.309998 454.028870 693.411804
 221        "t-i+w"    1  518.309998 241.523346 449.339325
 222       "b-a+ng"   52  288.299957 229.721756 448.775726
 223       "b-a+ny"   47  244.452545 265.305847 696.171814
 224       "f-i+ng"    3  555.006897 395.486053 201.242447
 225        "t-o+g"    8  228.666138 649.429932 422.125854
 226        "t-o+k"    3  228.666138 649.429932 339.851227
 227        "t-o+l"   25  228.666138 215.421967 257.177338
 228        "t-o+m"    1  228.666138 649.429932 145.709518
 229        "t-o+n"   41  228.666138 215.421967 163.443298
 230        "g-u+a"    5  371.318787 312.931549 162.347061
 231        "g-u+k"    0  161.472641 350.464539 390.666382
 232        "g-u+m"    2  371.318787 312.931549 306.723236
 233        "g-u+n"    4  371.318787 312.931549 328.630035
 234        "g-u+s"    7  371.318787 312.931549 134.791519
 235        "j-a+i"    0  370.140503 994.691956 696.171814
 236        "j-a+m"   27  560.948669 378.806427 340.648590
 237        "j-a+r"   50  560.948669 621.034912 453.641571
 238       "d-a+ng"    7  620.711609 378.806427 448.775726
 239       "p-ny+a"   33  307.734650 579.579224 117.193382
 240       "m-u+ng"    9  303.944733 312.477753 306.723236
 241       "h-i+ng"    6  443.596375 395.486053 201.242447
 242        "j-e+n"    0  355.956696 311.544800 183.110168
 243        "t-u+a"   33  598.877136 408.648102 449.253845
 244        "t-u+b"   15  598.877136 408.648102 224.904007
 245        "t-u+k"   12  598.877136 408.648102 390.666382
 246        "t-u+l"    5  598.877136 408.648102 328.630035
 247        "t-u+m"   15  598.877136 408.648102 306.723236
 248        "t-u+s"    4  598.877136 408.648102 134.791519
 249        "t-u+t"    1  598.877136 408.648102 300.080261
 250        "w-a+b"    1  142.200638 200.496582 682.659363
 251        "w-a+h"   18  142.200638 378.382355 235.891647
 252        "w-a+k"   23  146.398285 583.695923 575.627380
 253        "w-a+l"   12  142.200638 603.284241 591.624756
 254        "w-a+n"    6  142.200638 618.680664 1006.679749
 255        "w-a+r"    1  142.200638 621.034912 453.641571
 256        "w-a+s"    1  142.200638 464.628571 445.772308
 257        "w-a+t"    2  142.200638 466.682983 575.627380
 258        "j-i+a"   10  443.596375 796.299316 449.339325
 259        "j-i+w"    1  443.596375 241.523346 449.339325
 260        "p-@+k"    7  332.381592 295.964752 370.688751
 261        "p-@+l"    1  332.381592 295.964752 158.102844
 262        "p-@+m"   19  332.381592 295.964752 171.401001
 263        "p-@+r"   84  332.381592 295.964752 208.761993
 264       "b-@+ng"   32  151.914001 295.964752 351.859528
 265        "w-i+b"   25  443.596375 500.284424 384.130554
 266        "w-i+w"    1  443.596375 241.523346 313.615997
 267       "l-i+ng"   15  443.596375 313.908783 201.242447
 268       "l-i+ny"   37  443.596375 796.299316 313.615997
 269      "ng-ng+o"  219  504.490417 361.188416 346.162933
 270          "a+b"    3  773.712646 231.335739 682.659363
 271          "a+d"   69  773.712646 231.335739 314.297119
 272          "a+f"    6  773.712646 596.741638 445.772308
 273          "a+g"    5  773.712646 265.305847 682.659363
 274          "a+h"   52  773.712646 596.741638 259.095459
 275          "a+k"  187  588.373840 548.620850 605.831909
 276          "a+l"   19  773.712646 603.284241 591.624756
 277          "a+m"    8  773.712646 378.806427 340.648590
 278          "a+n"   28  773.712646 115.755394 1006.679749
 279          "a+s"    4  773.712646 464.628571 445.772308
 280          "a+y"    6  773.712646 163.901733 167.747986
 281          "a-i"   27  443.596375 796.299316 1593.408813
 282          "a-u"   46  371.318787 437.309326 811.856750
 283        "j-u+g"   49  161.472641 128.712982 224.904007
 284        "j-u+h"    0  371.318787 437.309326 449.253845
 285        "j-u+k"   21  161.472641 408.648102 390.666382
 286        "j-u+r"   31  371.318787 286.124146 328.630035
 287        "j-u+s"    4  371.318787 350.464539 134.791519
 288          "b-a"    3  244.452545 653.460327 1503.191406
 289          "b-e"    7  128.892975 311.544800 341.512177
 290          "b-i"    1  364.333740 314.174591 1593.408813
 291          "b-u"    6  206.792252 279.443481 811.856750
 292        "m-a+a"   44  700.745300 358.359131 696.171814
 293        "m-a+d"    1  700.745300 200.496582 314.297119
 294        "m-a+k"   47  146.398285 227.589523 785.586243
 295        "m-a+l"   15  700.745300 603.284241 591.624756
 296        "m-a+m"    5  700.745300 229.721756 340.648590
 297        "m-a+n"   77  700.745300 618.680664 1006.679749
 298        "m-a+p"    1  700.745300 227.589523 785.586243
 299        "m-a+r"   13  700.745300 621.034912 453.641571
 300        "m-a+s"   31  700.745300 464.628571 445.772308
 301        "m-a+t"   13  700.745300 466.682983 785.586243
 302        "m-a+y"    1  700.745300 163.901733 167.747986
 303          "c-a"  503  890.245117 1208.166260 2223.327881
 304          "c-e"   29  355.956696 311.544800 599.651184
 305        "m-b+o"    0  1155.200073 978.217468 857.144470
 306       "s-u+ay"   10  168.088989 437.309326 449.253845
 307          "d-a"   79  620.711609 653.460327 1503.191406
 308          "d-i"  104  425.775177 314.174591 1593.408813
 309       "s-u+ng"   11  168.088989 408.648102 306.723236
 310          "e+f"   18  355.956696 351.423279 149.231201
 311          "e+n"   35  355.956696 351.423279 183.110168
 312       "n-i+ng"    1  433.668365 395.486053 779.846680
 313          "f-a"    1  480.665710 994.691956 1503.191406
 314          "f-e"    5  239.541519 205.216446 341.512177
 315          "f-i"    1  555.006897 796.299316 1593.408813
 316        "f-@+s"    3  329.521545 559.044617 208.761993
 317        "m-e+m"   39  239.541519 205.216446 149.231201
 318          "g-a"  101  465.220917 653.460327 682.659363
 319          "g-i"   56  258.599915 458.368988 1593.408813
 320          "g-u"    5  371.318787 279.443481 811.856750
 321          "h+@"  105  227.552109 388.906708 277.535034
 322          "i+a"    3  587.196716 796.299316 449.339325
 323          "i+b"    4  587.196716 500.284424 384.130554
 324          "i+k"   20  587.196716 500.284424 472.248993
 325          "i+m"    1  587.196716 313.908783 384.130554
 326          "i+n"   49  587.196716 313.908783 466.381744
 327          "i+s"    2  587.196716 201.524216 191.897141
 328          "i+t"   77  587.196716 454.028870 693.411804
 329          "i+y"   49  587.196716 132.701004 224.214294
 330       "l-a+ng"   24  473.395447 378.806427 448.775726
 331        "m-i+k"    3  150.626846 500.284424 472.248993
 332        "m-i+l"    5  150.626846 241.523346 213.424973
 333        "m-i+n"   24  150.626846 313.908783 466.381744
 334        "m-i+r"    2  150.626846 241.523346 466.381744
 335        "m-i+s"    2  150.626846 695.637024 191.897141
 336        "m-i+t"    1  150.626846 454.028870 693.411804
 337          "k+@"  561  1337.449707 1052.411011 1344.088257
 338          "k-@"   57  332.381592 559.044617 370.688751
 339          "k-a"   47  781.046448 994.691956 682.659363
 340          "k-e"   40  120.620216 299.136780 341.512177
 341          "k-i"    4  518.309998 796.299316 1593.408813
 342          "k-u"  143  564.613281 279.443481 811.856750
 343       "p-i+ny"    2  364.333740 796.299316 449.339325
 344          "l-a"    9  473.395447 378.382355 338.245331
 345          "l-m"   34  109.640144 156.418427 218.020706
 346          "l-u"   24  332.174683 437.309326 1018.385498
 347        "s-@+b"  111  246.028137 157.978760 223.573776
 348        "s-@+c"   15  246.028137 138.688187 153.046402
 349        "s-@+l"   19  246.028137 138.688187 158.102844
 350        "s-@+r"   12  246.028137 138.688187 339.222290
 351          "m-a"   77  700.745300 337.350342 338.245331
 352          "m-i"   20  150.626846 695.637024 779.846680
 353          "m-u"   90  303.944733 312.477753 335.914764
 354          "n+@"  122  170.286118 208.621155 856.303650
 355          "n-a"   89  568.055420 367.629364 2223.327881
 356          "o+k"   19  312.221771 649.429932 339.851227
 357          "o+l"   22  312.221771 357.951447 257.177338
 358          "o+n"    3  312.221771 357.951447 163.443298
 359          "o+t"    4  312.221771 118.569611 257.177338
 360          "p-a"   55  480.665710 194.879974 1503.191406
 361          "p-i"   46  364.333740 796.299316 1593.408813
 362       "n-a+ng"    4  568.055420 378.806427 448.775726
 363          "r-a"   24  468.107300 1208.166260 2223.327881
 364          "r-e"   12  239.541519 205.216446 599.651184
 365          "r-i"   56  297.195557 796.299316 1593.408813
 366          "r-u"   18  146.740585 437.309326 1018.385498
 367        "c-a+b"   10  370.140503 200.496582 682.659363
 368        "c-a+y"    1  560.948669 163.901733 167.747986
 369          "s+@"  486  1269.253296 2031.620117 969.925232
 370       "r-i+ng"    4  297.195557 395.486053 201.242447
 371          "s+p"   13  1269.253296 2031.620117 784.855896
 372          "s-@"    1  246.028137 138.688187 370.688751
 373          "s-a"   65  179.457047 994.691956 1503.191406
 374          "s-i"   49  555.006897 458.368988 1593.408813
 375          "t-a"   93  745.350769 994.691956 1503.191406
 376          "t-i"   53  518.309998 209.416565 1593.408813
 377          "t-u"  156  598.877136 670.914917 1018.385498
 378          "sil" 1330  21141.246094 29827.574219 11633.789062
 379          "u+p"    2  371.318787 408.648102 390.666382
 380        "m-u+a"   17  303.944733 312.477753 162.347061
 381        "m-u+d"    3  303.944733 350.464539 300.080261
 382        "m-u+k"    1  303.944733 312.477753 390.666382
 383        "m-u+l"   15  303.944733 286.124146 328.630035
 384        "m-u+s"    5  303.944733 350.464539 134.791519
 385          "w-a"    9  142.200638 1208.166260 1503.191406
 386        "p-a+a"   10  480.665710 194.879974 696.171814
 387        "p-a+d"    9  480.665710 200.496582 314.297119
 388        "p-a+g"    2  480.665710 265.305847 682.659363
 389        "p-a+k"    3  480.665710 583.695923 575.627380
 390        "p-a+l"   18  480.665710 222.639786 591.624756
 391        "p-a+m"    2  480.665710 253.874893 340.648590
 392        "p-a+n"   22  480.665710 548.002380 1006.679749
 393        "p-a+p"    2  480.665710 583.695923 785.586243
 394        "p-a+r"    5  480.665710 621.034912 453.641571
 395        "p-a+s"   18  480.665710 464.628571 445.772308
 396        "p-a+t"   45  480.665710 466.682983 575.627380
 397        "p-a+y"    1  480.665710 163.901733 167.747986
 398       "p-a+ng"    9  480.665710 253.874893 448.775726
 399       "t-i+ng"   10  518.309998 395.486053 201.242447
 400          "z-a"    1  568.055420 1208.166260 1503.191406
 401          "z-i"    0  443.596375 314.174591 1593.408813
 402        "c-i+l"    6  443.596375 241.523346 213.424973
 403       "r-a+kh"   17  468.107300 994.691956 235.891647
 404       "r-a+ng"   45  468.107300 358.359131 448.775726
 405        "p-i+k"   16  364.333740 500.284424 472.248993
 406        "p-i+l"    5  364.333740 241.523346 213.424973
 407        "p-i+m"    4  364.333740 395.486053 384.130554
 408        "p-i+n"    8  364.333740 395.486053 466.381744
 409        "p-i+r"    5  364.333740 241.523346 466.381744
 410        "p-i+s"   49  364.333740 201.524216 191.897141
 411       "t-a+ng"    6  745.350769 229.667007 448.775726
 412        "c-u+y"    1  371.318787 408.648102 449.253845
 413        "s-a+b"    2  524.535706 200.496582 682.659363
 414        "s-a+i"    0  524.535706 596.741638 696.171814
 415        "s-a+k"    7  524.535706 583.695923 575.627380
 416        "s-a+l"   11  524.535706 603.284241 591.624756
 417        "s-a+m"   58  524.535706 229.667007 340.648590
 418        "s-a+n"   27  524.535706 548.002380 1006.679749
 419        "s-a+p"    2  524.535706 583.695923 785.586243
 420        "s-a+r"    6  524.535706 621.034912 453.641571
 421        "s-a+s"    5  524.535706 464.628571 445.772308
 422        "s-a+t"   13  524.535706 466.682983 575.627380
 423        "s-a+w"    0  524.535706 603.284241 591.624756
 424        "s-a+y"    3  524.535706 163.901733 167.747986
 425        "f-i+l"   49  555.006897 241.523346 213.424973
 426        "f-i+n"   21  555.006897 395.486053 466.381744
 427        "f-i+s"   13  555.006897 201.524216 191.897141
 428      "o-ng+ng"    5  991.283691 361.188416 519.267700
 429       "ng-@+b"    2  196.816483 294.752167 131.217087
 430       "ng-@+l"   17  196.816483 294.752167 158.102844
 431       "ng-@+m"   11  196.816483 294.752167 351.859528
 432       "ng-@+r"   21  196.816483 294.752167 339.222290
 433       "ng-@+t"   51  196.816483 147.106186 131.217087
 434        "s-i+a"  115  555.006897 382.613312 449.339325
 435        "s-i+b"    4  555.006897 500.284424 384.130554
 436        "s-i+k"    5  555.006897 500.284424 472.248993
 437        "s-i+r"    0  555.006897 241.523346 466.381744
 438        "s-i+t"    4  555.006897 454.028870 693.411804
 439       "@-ng+b"    1  504.490417 863.323303 346.162933
 440        "s-o+r"   10  228.666138 357.951447 257.177338
 441        "s-o+s"    3  228.666138 118.569611 257.177338
 442        "f-u+l"    1  206.792252 286.124146 328.630035
 443      "ng-a+ng"    3  159.201447 378.806427 448.775726
 444        "i-a+s"   25  560.948669 464.628571 445.772308
 445        "b-@+b"   12  151.914001 295.964752 370.688751
 446        "b-@+l"   43  151.914001 295.964752 158.102844
 447        "b-@+r"   57  151.914001 295.964752 208.761993
 448        "s-u+b"    1  168.088989 408.648102 224.904007
 449        "s-u+d"   26  168.088989 350.464539 300.080261
 450        "s-u+g"    1  168.088989 128.712982 224.904007
 451        "s-u+k"   17  168.088989 408.648102 390.666382
 452        "s-u+l"    4  168.088989 286.124146 328.630035
 453        "s-u+s"    2  168.088989 350.464539 134.791519
 454        "i-i+m"    1  443.596375 395.486053 384.130554
 455        "i-l+m"   44  936.714539 115.066635 142.361786
 456       "b-u+ng"   14  206.792252 312.931549 306.723236
 457       "b-u+ny"   42  206.792252 312.931549 162.347061
 458       "d-u+ng"    1  332.174683 286.124146 306.723236
 459        "l-a+d"    1  473.395447 200.496582 314.297119
 460        "l-a+g"   39  137.971603 107.062584 259.095459
 461        "l-a+h"   65  473.395447 378.382355 235.891647
 462        "l-a+k"    7  137.971603 583.695923 575.627380
 463        "l-a+l"   13  473.395447 603.284241 591.624756
 464        "l-a+m"   27  473.395447 378.806427 340.648590
 465        "l-a+n"   57  473.395447 618.680664 1006.679749
 466        "l-a+p"    6  473.395447 583.695923 785.586243
 467        "l-a+r"    2  473.395447 621.034912 453.641571
 468        "l-a+s"   28  473.395447 464.628571 445.772308
 469        "l-a+t"   13  473.395447 466.682983 575.627380
 470         "i+ng"    9  587.196716 313.908783 201.242447
 471       "ng-a+l"    1  159.201447 603.284241 591.624756
 472       "ng-a+m"    2  159.201447 378.806427 340.648590
 473       "ng-a+n"   46  159.201447 618.680664 1006.679749
 474       "ng-a+p"    1  370.140503 227.589523 785.586243
 475       "ng-a+r"    4  159.201447 621.034912 453.641571
 476       "ng-a+s"    4  159.201447 464.628571 445.772308
 477       "ng-a+t"    8  370.140503 466.682983 785.586243
 478       "ng-a+y"    1  159.201447 163.901733 167.747986
 479        "y-a+k"   16  890.245117 583.695923 1503.191406
 480        "y-a+m"    1  890.245117 158.335846 340.648590
 481        "y-a+n"    1  890.245117 618.680664 1006.679749
 482        "y-a+r"    7  890.245117 621.034912 453.641571
 483        "l-i+m"    9  443.596375 313.908783 384.130554
 484        "l-i+n"    3  443.596375 313.908783 466.381744
 485        "l-i+s"   10  443.596375 201.524216 191.897141
 486        "l-i+t"    5  443.596375 454.028870 693.411804
 487        "l-i+y"    2  443.596375 241.523346 224.214294
 488       "ng-i+r"    1  433.668365 241.523346 466.381744
 489        "l-m+f"   10  109.640144 1300.152710 1313.937500
 490         "a+ng"    2  773.712646 378.806427 448.775726
 491        "b-a+d"    1  244.452545 200.496582 314.297119
 492        "b-a+g"   32  288.299957 265.305847 682.659363
 493        "b-a+j"    0  244.452545 265.305847 696.171814
 494        "b-a+k"   13  288.299957 483.149841 575.627380
 495        "b-a+l"   28  244.452545 603.284241 591.624756
 496        "b-a+n"   10  244.452545 347.641663 1006.679749
 497        "b-a+p"    1  244.452545 483.149841 785.586243
 498        "b-a+r"   26  288.299957 621.034912 453.641571
 499        "b-a+s"    5  244.452545 464.628571 445.772308
 500        "b-a+t"   10  244.452545 483.149841 575.627380
 501        "b-a+y"   11  288.299957 163.901733 167.747986
 502        "l-u+m"   24  332.174683 408.648102 306.723236
 503        "l-u+p"    7  332.174683 408.648102 390.666382
 504        "l-u+t"    1  332.174683 350.464539 300.080261
 505        "l-u+w"    0  332.174683 408.648102 449.253845
 506       "ng-u+a"    8  371.318787 437.309326 162.347061
 507       "ng-u+k"    0  161.472641 408.648102 390.666382
 508        "b-i+a"   19  364.333740 383.688660 313.615997
 509        "b-i+l"   15  364.333740 383.688660 213.424973
 510       "g-i+ng"    1  258.599915 395.486053 201.242447
 511        "b-u+d"   10  206.792252 350.464539 300.080261
 512        "b-u+k"   24  206.792252 350.464539 390.666382
 513        "b-u+l"   19  206.792252 312.931549 328.630035
 514        "b-u+s"    2  206.792252 312.931549 134.791519
 515        "e-b+e"    0  581.995544 978.217468 857.144470
 516       "g-a+ng"    6  465.220917 378.806427 448.775726
 517       "s-ny+a"    7  543.265747 579.579224 117.193382
 518       "kh-a+s"    0  560.948669 464.628571 445.772308
 519        "r-a+d"    3  468.107300 200.496582 314.297119
 520        "r-a+f"    1  468.107300 994.691956 445.772308
 521        "r-a+g"    1  468.107300 265.305847 682.659363
 522        "r-a+k"   11  468.107300 583.695923 1503.191406
 523        "r-a+m"   17  468.107300 358.359131 340.648590
 524        "r-a+n"   34  468.107300 618.680664 1006.679749
 525        "r-a+p"    8  468.107300 583.695923 785.586243
 526        "r-a+r"    3  468.107300 621.034912 453.641571
 527        "r-a+s"   26  468.107300 464.628571 445.772308
 528        "r-a+t"    5  468.107300 466.682983 1503.191406
 529        "r-a+y"    3  468.107300 163.901733 167.747986
 530        "k-@+a"   34  332.381592 559.044617 153.046402
 531        "k-@+l"   33  332.381592 559.044617 158.102844
 532        "k-@+m"   28  332.381592 559.044617 171.401001
 533        "k-@+r"   16  332.381592 559.044617 339.222290
 534       "r-u+ng"   12  146.740585 408.648102 306.723236
 535       "kh-i+r"   16  443.596375 241.523346 466.381744
 536       "m-i+ng"    2  150.626846 313.908783 779.846680
 537        "r-i+a"   13  297.195557 796.299316 313.615997
 538        "r-i+b"   13  297.195557 500.284424 384.130554
 539        "r-i+k"   14  297.195557 500.284424 472.248993
 540        "r-i+m"   10  297.195557 395.486053 384.130554
 541        "r-i+n"   12  297.195557 395.486053 466.381744
 542        "r-i+s"    1  297.195557 201.524216 191.897141
 543        "r-i+t"   16  297.195557 454.028870 693.411804
 544       "k-a+ng"    2  781.046448 253.874893 448.775726
 545       "k-a+ny"    8  781.046448 596.741638 696.171814
 546        "h-a+g"    1  370.140503 265.305847 682.659363
 547       "m-a+ng"   13  700.745300 229.721756 448.775726
 548        "r-u+h"    3  146.740585 437.309326 449.253845
 549        "r-u+n"    2  146.740585 286.124146 328.630035
 550        "r-u+s"   29  146.740585 350.464539 134.791519
 551        "r-u+t"   14  146.740585 350.464539 300.080261
 552        "n-@+b"    2  196.816483 294.752167 370.688751
 553        "n-@+s"    2  196.816483 294.752167 153.046402
 554        "n-@+t"    1  196.816483 147.106186 370.688751
 555        "k-a+b"    4  781.046448 200.496582 682.659363
 556        "k-a+d"    2  781.046448 200.496582 314.297119
 557        "k-a+f"    1  781.046448 596.741638 445.772308
 558        "k-a+g"    3  781.046448 265.305847 682.659363
 559        "k-a+k"    3  781.046448 583.695923 1503.191406
 560        "k-a+l"   69  320.133270 222.639786 591.624756
 561        "k-a+m"   84  320.133270 253.874893 173.591339
 562        "k-a+n"  156  781.046448 548.002380 1006.679749
 563        "k-a+p"   19  781.046448 583.695923 785.586243
 564        "k-a+r"   40  781.046448 621.034912 453.641571
 565        "k-a+s"   17  781.046448 464.628571 445.772308
 566        "k-a+t"   21  781.046448 466.682983 1503.191406
 567        "k-a+w"    2  781.046448 222.639786 591.624756
 568        "k-a+y"   18  781.046448 163.901733 167.747986
